RUN n: 3 repeat: 10 dtype: d
Input matrix
   1.070725e+00   5.693113e-01   4.063074e-02
   5.693113e-01   2.437062e+00   2.478883e-01
   4.063074e-02   2.478883e-01   3.093551e+00
Output matrix
   9.390657e-01   3.219968e-01   1.203065e-01
  -3.430938e-01   8.566111e-01   3.853622e-01
   2.102948e-02  -4.031569e-01   9.148892e-01
average time 0.000175636 s
average time 0.000599224 s (including handle creation)
RUN n: 100 repeat: 10 dtype: d
Input matrix
   1.671156e+00   2.245812e-01   8.998877e-01   7.951673e-01            ...   2.417208e-01   5.495779e-01   6.293053e-01   8.854843e-01
   2.245812e-01   2.813973e+00   4.345459e-01   1.328554e-01            ...   8.623169e-01   2.241600e-01   7.065115e-01   3.850485e-01
   8.998877e-01   4.345459e-01   3.021346e+00   7.150182e-01            ...   9.425684e-01   1.963979e-01   4.297852e-01   9.167137e-02
   7.951673e-01   1.328554e-01   7.150182e-01   4.704516e+00            ...   9.190228e-01   7.521749e-01   3.893571e-01   4.857421e-01
            ...            ...            ...            ...            ...            ...            ...            ...            ...
   2.417208e-01   8.623169e-01   9.425684e-01   9.190228e-01            ...   9.747017e+01   8.016647e-01   2.009536e-02   6.841807e-01
   5.495779e-01   2.241600e-01   1.963979e-01   7.521749e-01            ...   8.016647e-01   9.862415e+01   5.902237e-01   6.305190e-01
   6.293053e-01   7.065115e-01   4.297852e-01   3.893571e-01            ...   2.009536e-02   5.902237e-01   9.956494e+01   6.723803e-01
   8.854843e-01   3.850485e-01   9.167137e-02   4.857421e-01            ...   6.841807e-01   6.305190e-01   6.723803e-01   1.008441e+02
Output matrix
  -9.143579e-01   2.697468e-01  -1.852281e-01   1.542029e-01            ...  -3.013711e-03   1.483944e-05  -1.681021e-03  -3.931476e-02
  -1.754585e-01  -8.688602e-01  -3.582959e-01  -1.625720e-01            ...  -8.917602e-03  -2.293699e-03  -5.212236e-03  -3.593646e-02
   3.068488e-01   2.564113e-01  -8.684151e-01   2.436917e-01            ...  -9.231787e-03  -5.422039e-03  -6.126150e-03  -3.243362e-02
   6.681347e-02  -2.337503e-01   2.291910e-01   8.816524e-01            ...  -2.099830e-03  -5.841870e-03  -5.065798e-03  -4.002352e-02
            ...            ...            ...            ...            ...            ...            ...            ...            ...
  -2.601234e-03   4.188641e-03   6.139175e-03  -3.711712e-03            ...   1.843907e-02  -3.140671e-01  -3.091613e-02  -2.066553e-01
   8.007797e-04  -2.502392e-04  -2.016832e-03  -4.223100e-03            ...   8.238273e-01  -2.154396e-01  -2.511947e-01  -2.496633e-01
   2.788058e-03   2.871422e-03   3.319281e-03   1.909738e-04            ...   3.110130e-02   8.611596e-01  -3.337608e-01  -2.213143e-01
   5.580632e-03  -2.040761e-04  -1.420408e-03  -2.151165e-03            ...   1.947812e-01   2.259205e-01   8.905144e-01  -2.935598e-01
average time 0.00808514 s
average time 0.00856331 s (including handle creation)
RUN n: 200 repeat: 10 dtype: d
Input matrix
   1.494144e+00   6.956412e-04   7.555508e-02   9.385706e-01            ...   7.019299e-01   6.623279e-01   2.546336e-01   9.833397e-02
   6.956412e-04   2.398422e+00   4.739376e-01   1.233590e-01            ...   8.894645e-01   6.724321e-02   5.416806e-02   1.202154e-01
   7.555508e-02   4.739376e-01   3.293331e+00   1.437565e-01            ...   4.844232e-01   1.255040e-01   2.016304e-01   9.096705e-01
   9.385706e-01   1.233590e-01   1.437565e-01   4.160733e+00            ...   6.091667e-01   7.558627e-01   4.042865e-02   1.914149e-01
            ...            ...            ...            ...            ...            ...            ...            ...            ...
   7.019299e-01   8.894645e-01   4.844232e-01   6.091667e-01            ...   1.978627e+02   4.394028e-01   3.228177e-01   6.192923e-01
   6.623279e-01   6.724321e-02   1.255040e-01   7.558627e-01            ...   4.394028e-01   1.980538e+02   3.595929e-01   1.031628e-01
   2.546336e-01   5.416806e-02   2.016304e-01   4.042865e-02            ...   3.228177e-01   3.595929e-01   1.999288e+02   6.872533e-01
   9.833397e-02   1.202154e-01   9.096705e-01   1.914149e-01            ...   6.192923e-01   1.031628e-01   6.872533e-01   2.006172e+02
Output matrix
  -9.278630e-01  -2.006366e-01   8.897374e-02  -2.422184e-01            ...   4.982777e-04  -2.276927e-03   3.283863e-03   2.377406e-02
  -2.355362e-01   9.304999e-01  -1.146225e-04   1.826725e-01            ...   3.916662e-03  -2.589995e-03   3.065292e-03   2.443773e-02
  -1.189554e-01  -1.100458e-01  -9.293390e-01   2.536744e-01            ...   1.582016e-03  -1.834867e-03  -1.078247e-03   2.611211e-02
   1.693401e-01   2.070157e-01  -2.877514e-01  -8.540184e-01            ...  -3.552156e-04  -3.812466e-03   3.319369e-03   2.682351e-02
            ...            ...            ...            ...            ...            ...            ...            ...            ...
   2.920272e-03  -2.215767e-03   1.008156e-03   7.615186e-04            ...   6.495245e-01  -2.200525e-01   9.437798e-02   1.846094e-01
   1.294886e-03   1.345879e-03  -5.911155e-04   2.151340e-03            ...  -7.145988e-01  -2.199993e-01   2.984958e-01   1.712503e-01
  -2.925247e-04   1.853043e-03  -1.255938e-03  -1.311627e-03            ...  -4.067301e-02   9.272703e-01   4.431830e-02   1.748085e-01
  -3.364568e-04   1.310469e-03   2.819786e-03  -2.237932e-03            ...  -1.586725e-01  -6.931137e-02  -9.288059e-01   1.875366e-01
average time 0.018531 s
average time 0.019067 s (including handle creation)
RUN n: 400 repeat: 10 dtype: d
Input matrix
   1.791642e+00   8.785910e-01   1.676590e-01   1.631423e-01            ...   4.933306e-01   8.483238e-01   6.108007e-01   2.631459e-01
   8.785910e-01   2.334204e+00   2.002775e-01   2.378700e-01            ...   9.102741e-01   2.910932e-01   8.658397e-01   1.600921e-01
   1.676590e-01   2.002775e-01   3.666706e+00   1.749483e-01            ...   6.723105e-01   8.709624e-01   3.330480e-01   2.914045e-01
   1.631423e-01   2.378700e-01   1.749483e-01   4.264644e+00            ...   4.134354e-01   8.738689e-01   3.005340e-03   7.732521e-01
            ...            ...            ...            ...            ...            ...            ...            ...            ...
   4.933306e-01   9.102741e-01   6.723105e-01   4.134354e-01            ...   3.974068e+02   2.467592e-01   8.945679e-02   1.710703e-01
   8.483238e-01   2.910932e-01   8.709624e-01   8.738689e-01            ...   2.467592e-01   3.984287e+02   4.954453e-01   9.279983e-01
   6.108007e-01   8.658397e-01   3.330480e-01   3.005340e-03            ...   8.945679e-02   4.954453e-01   3.994650e+02   5.547904e-01
   2.631459e-01   1.600921e-01   2.914045e-01   7.732521e-01            ...   1.710703e-01   9.279983e-01   5.547904e-01   4.002105e+02
Output matrix
  -8.581360e-01   4.220387e-01  -2.296332e-01   1.027368e-01            ...  -5.285145e-04   4.197824e-04  -1.261849e-03  -1.826247e-02
   4.847361e-01   8.085005e-01  -2.781040e-01   3.332190e-02            ...   1.087970e-03   5.426783e-04  -1.835058e-03  -1.870637e-02
  -4.796625e-02   2.830113e-01   8.713917e-01   2.893222e-01            ...  -5.927413e-04   1.549677e-03  -7.645800e-04  -1.780198e-02
  -7.301678e-02   1.613402e-01   2.341661e-01  -9.235371e-01            ...  -6.146347e-04   1.539996e-03   5.246267e-04  -1.826129e-02
            ...            ...            ...            ...            ...            ...            ...            ...            ...
  -4.289487e-04  -2.008543e-03  -6.321693e-04  -3.097721e-04            ...   3.555671e-01   3.299075e-01  -1.729051e-01  -1.239664e-01
   1.319377e-03  -6.888005e-04  -7.888149e-04   6.189000e-04            ...  -8.976665e-01   1.000532e-01   1.073235e-01  -1.232342e-01
  -1.984479e-04  -1.006369e-03   8.380714e-04  -1.087392e-03            ...  -4.303498e-02  -8.501932e-01  -3.922771e-01  -1.312987e-01
  -5.950846e-05   3.615700e-04  -2.621131e-04   1.073890e-03            ...   1.719943e-01  -3.391845e-01   8.684563e-01  -1.387094e-01
average time 0.0416605 s
average time 0.0421431 s (including handle creation)
RUN n: 800 repeat: 10 dtype: d
Input matrix
   1.325373e+00   7.378326e-01   8.702386e-01   2.514125e-01            ...   9.740508e-01   5.321121e-01   5.093130e-01   9.217716e-02
   7.378326e-01   2.316680e+00   9.661762e-01   2.414637e-02            ...   2.908065e-01   1.682014e-01   2.546335e-01   9.082152e-01
   8.702386e-01   9.661762e-01   3.357452e+00   1.545401e-01            ...   7.369816e-01   1.587645e-01   3.305960e-01   2.600231e-01
   2.514125e-01   2.414637e-02   1.545401e-01   4.920710e+00            ...   1.371540e-01   9.484009e-01   1.349146e-01   8.956498e-01
            ...            ...            ...            ...            ...            ...            ...            ...            ...
   9.740508e-01   2.908065e-01   7.369816e-01   1.371540e-01            ...   7.976509e+02   4.012347e-01   7.906876e-01   5.285198e-01
   5.321121e-01   1.682014e-01   1.587645e-01   9.484009e-01            ...   4.012347e-01   7.989245e+02   1.686455e-02   8.527639e-01
   5.093130e-01   2.546335e-01   3.305960e-01   1.349146e-01            ...   7.906876e-01   1.686455e-02   7.991624e+02   3.291827e-01
   9.217716e-02   9.082152e-01   2.600231e-01   8.956498e-01            ...   5.285198e-01   8.527639e-01   3.291827e-01   8.005980e+02
Output matrix
  -9.384736e-01   1.719016e-01  -2.619578e-01   7.748778e-02            ...  -7.617285e-04   4.047117e-04  -7.813158e-04   1.322353e-02
   2.734333e-01   8.293908e-01  -3.377112e-01   3.170681e-01            ...  -6.309487e-04  -1.244352e-04   2.298782e-04   1.310626e-02
   1.580561e-01  -4.892902e-01  -7.886685e-01   2.573676e-01            ...  -1.005210e-03   1.433125e-04  -5.955212e-04   1.274819e-02
   3.020724e-02   6.932049e-02  -2.671375e-01  -6.137812e-01            ...  -5.084789e-05   6.322654e-04   5.217642e-04   1.242502e-02
            ...            ...            ...            ...            ...            ...            ...            ...            ...
   6.342157e-04   4.111507e-05   6.942682e-04  -9.118062e-05            ...  -4.593028e-01  -9.192110e-02  -8.330686e-02   9.233890e-02
   2.898460e-04  -5.826617e-05  -7.453099e-05   5.770990e-04            ...   6.009612e-01   6.577906e-01   1.656768e-01   9.753647e-02
   2.890544e-04   7.529137e-05  -1.170406e-04  -1.849416e-04            ...   6.110762e-01  -6.252907e-01  -3.585201e-01   9.688491e-02
  -5.367894e-04  -7.578890e-04   3.645788e-04   4.771751e-04            ...   6.869477e-02  -3.642175e-01   8.995093e-01   1.006154e-01
average time 0.114076 s
average time 0.114332 s (including handle creation)
RUN n: 1600 repeat: 10 dtype: d
Input matrix
   1.793280e+00   4.060766e-01   2.449241e-01   6.457063e-01            ...   4.210694e-01   5.207949e-01   9.668500e-01   9.982074e-01
   4.060766e-01   2.262512e+00   6.060843e-01   7.305775e-01            ...   2.401175e-01   9.145531e-01   9.465318e-01   6.010173e-01
   2.449241e-01   6.060843e-01   3.639754e+00   3.009959e-01            ...   3.688913e-01   7.620484e-01   3.702086e-01   5.913325e-01
   6.457063e-01   7.305775e-01   3.009959e-01   4.397619e+00            ...   9.674817e-02   9.858535e-01   8.818076e-01   8.036688e-01
            ...            ...            ...            ...            ...            ...            ...            ...            ...
   4.210694e-01   2.401175e-01   3.688913e-01   9.674817e-02            ...   1.597683e+03   1.609373e-01   9.771165e-01   5.007000e-01
   5.207949e-01   9.145531e-01   7.620484e-01   9.858535e-01            ...   1.609373e-01   1.598380e+03   9.654038e-01   3.268572e-01
   9.668500e-01   9.465318e-01   3.702086e-01   8.818076e-01            ...   9.771165e-01   9.654038e-01   1.599769e+03   9.755969e-02
   9.982074e-01   6.010173e-01   5.913325e-01   8.036688e-01            ...   5.007000e-01   3.268572e-01   9.755969e-02   1.600601e+03
Output matrix
   9.834626e-01  -5.486748e-02   2.956051e-03  -5.985079e-03            ...   1.676112e-05  -2.201216e-04   1.189866e-04   9.528594e-03
   4.063788e-02   9.672368e-01  -6.797709e-02  -1.605568e-01            ...  -2.211072e-04  -6.593604e-05  -1.391275e-04   9.527468e-03
   1.926274e-02  -9.472991e-02  -9.390098e-01  -1.930937e-01            ...  -1.551325e-04   2.242856e-04   2.462518e-05   9.281105e-03
  -5.846021e-02  -1.704498e-01   1.318024e-01  -8.970792e-01            ...  -2.895702e-04  -1.541272e-04   3.652625e-06   9.259655e-03
            ...            ...            ...            ...            ...            ...            ...            ...            ...
   5.786064e-06   1.255515e-04   7.736366e-05  -2.415369e-04            ...   5.295683e-01  -4.178641e-02  -6.177163e-02   6.601287e-02
  -6.911650e-05  -2.384687e-04   2.447112e-04   4.406194e-04            ...  -7.955462e-01  -8.032117e-02  -1.468519e-01   6.604144e-02
  -3.323018e-04  -2.852380e-04   6.049833e-05   2.195847e-04            ...   9.065735e-02  -8.284463e-01  -4.682534e-01   6.727438e-02
  -4.130870e-04  -4.160382e-05   5.288505e-05   2.589592e-04            ...  -4.354150e-02  -4.766179e-01   8.587490e-01   6.604573e-02
average time 0.505085 s
average time 0.504436 s (including handle creation)
RUN n: 3200 repeat: 10 dtype: d
Input matrix
   1.188868e+00   7.862052e-01   6.163540e-01   1.305252e-02            ...   7.944721e-01   8.178567e-01   2.519626e-01   2.504042e-01
   7.862052e-01   2.510616e+00   3.743911e-01   6.432208e-01            ...   3.865269e-01   8.790383e-01   2.999750e-01   3.522949e-01
   6.163540e-01   3.743911e-01   3.309857e+00   4.713541e-01            ...   4.704012e-01   7.515341e-01   7.200183e-01   7.036292e-01
   1.305252e-02   6.432208e-01   4.713541e-01   4.702141e+00            ...   8.975330e-01   3.778980e-01   3.848403e-01   7.248650e-01
            ...            ...            ...            ...            ...            ...            ...            ...            ...
   7.944721e-01   3.865269e-01   4.704012e-01   8.975330e-01            ...   3.197173e+03   5.169508e-01   2.766557e-01   2.523405e-01
   8.178567e-01   8.790383e-01   7.515341e-01   3.778980e-01            ...   5.169508e-01   3.198544e+03   1.444352e-01   1.402543e-01
   2.519626e-01   2.999750e-01   7.200183e-01   3.848403e-01            ...   2.766557e-01   1.444352e-01   3.199993e+03   8.593765e-01
   2.504042e-01   3.522949e-01   7.036292e-01   7.248650e-01            ...   2.523405e-01   1.402543e-01   8.593765e-01   3.200516e+03
Output matrix
   9.338270e-01   2.876289e-01  -1.451617e-01   1.094782e-01            ...  -1.055745e-04   4.041441e-05  -1.501652e-04  -6.532130e-03
  -2.901081e-01   9.249189e-01  -9.934897e-02  -1.172944e-01            ...  -4.153547e-05   4.721015e-05  -1.270301e-04  -6.525653e-03
  -1.024692e-01  -1.314109e-01  -9.624176e-01  -6.310019e-02            ...  -2.924954e-05  -7.038921e-06  -1.244020e-05  -6.757587e-03
   1.325007e-01  -7.444142e-02   3.444430e-02  -9.392180e-01            ...   4.964873e-05   9.296424e-05   2.395725e-05  -6.609614e-03
            ...            ...            ...            ...            ...            ...            ...            ...            ...
  -1.565968e-04  -6.274577e-05   3.481993e-05   1.672572e-04            ...   1.849016e-01   3.379442e-02  -1.709705e-01  -4.893359e-02
  -7.348158e-05  -1.882467e-04   1.298361e-04   2.640914e-05            ...  -9.092965e-01   8.038875e-02  -2.302253e-01  -4.806454e-02
   2.792129e-05   4.769777e-05   7.956934e-05   3.865639e-05            ...  -1.160709e-01  -8.411315e-01   4.590131e-01  -4.774707e-02
   2.610408e-05   1.467294e-05   5.788112e-05   1.704356e-04            ...  -8.103100e-02   5.136856e-01   8.078527e-01  -4.737882e-02
average time 3.61496 s
average time 3.61039 s (including handle creation)
RUN n: 6400 repeat: 10 dtype: d
Input matrix
   1.878198e+00   4.705529e-01   4.761113e-01   9.074529e-01            ...   5.723358e-01   4.574802e-01   1.587555e-01   2.086102e-01
   4.705529e-01   2.243969e+00   4.044273e-01   1.416239e-01            ...   4.089042e-01   4.592601e-01   3.631795e-01   4.267159e-01
   4.761113e-01   4.044273e-01   3.851028e+00   9.336556e-02            ...   2.823173e-01   8.381897e-01   8.747281e-02   4.296519e-01
   9.074529e-01   1.416239e-01   9.336556e-02   4.168685e+00            ...   9.653992e-01   4.060503e-01   5.927589e-01   1.944517e-01
            ...            ...            ...            ...            ...            ...            ...            ...            ...
   5.723358e-01   4.089042e-01   2.823173e-01   9.653992e-01            ...   6.397878e+03   1.491399e-03   9.873994e-02   9.040726e-01
   4.574802e-01   4.592601e-01   8.381897e-01   4.060503e-01            ...   1.491399e-03   6.398190e+03   7.298720e-01   9.773376e-01
   1.587555e-01   3.631795e-01   8.747281e-02   5.927589e-01            ...   9.873994e-02   7.298720e-01   6.399811e+03   7.792373e-01
   2.086102e-01   4.267159e-01   4.296519e-01   1.944517e-01            ...   9.040726e-01   9.773376e-01   7.792373e-01   6.400140e+03
Output matrix
   8.758351e-01  -3.696342e-01   2.023678e-01  -1.637272e-01            ...   1.743580e-05  -6.015510e-05   6.827797e-05   4.571695e-03
  -3.287438e-01  -9.148381e-01  -8.777050e-02   1.210876e-01            ...   2.310574e-05  -2.373152e-05   4.120278e-05   4.560078e-03
  -9.747063e-02   2.742525e-02   8.832494e-01   4.004511e-01            ...   9.753281e-05  -5.690398e-05   5.506725e-05   4.548640e-03
  -2.471222e-01  -3.418004e-02   3.556972e-01  -8.734342e-01            ...  -4.631315e-05  -2.077611e-06   9.259344e-05   4.551362e-03
            ...            ...            ...            ...            ...            ...            ...            ...            ...
   1.078780e-05   1.988037e-05  -3.172157e-05   1.007685e-04            ...  -5.051283e-01  -2.808457e-01   3.568013e-02   3.403823e-02
  -1.587093e-05   5.267092e-06  -5.729728e-05  -2.712285e-05            ...   7.797409e-01   9.739447e-02  -1.878581e-01   3.400295e-02
   2.774437e-05  -1.454995e-05   3.692916e-05   4.574769e-05            ...  -2.669514e-01   9.229560e-01  -1.729082e-01   3.419398e-02
   1.377372e-05  -1.387136e-08   1.275077e-05  -3.357540e-05            ...  -1.551279e-01  -2.024612e-01  -9.338970e-01   3.417987e-02
average time 28.4597 s
average time 28.4507 s (including handle creation)
